0.27410315226697934
0.22147347967255868
-0.07504156247593917
0.07328249454573071
0.2969120315513333
0.15637729545225904
-0.14800120555496515
0.047056930266006464
-0.10231853084352266
0.2516858497067286
-0.6254067674669552
-0.6856292197159479
-0.3526399620643582
0.12155176103255831
-0.20811013615570495
0.005081096281824248
0.262476923219393
0.3488161651074909
0.2638944277183411
0.5872900552815862
0.5997424022722482
0.527971935677267
0.7320544281907078
0.7652738785351307
0.8126171838617453
0.740792153241086
0.8724247770379653
0.5003274523504794
0.3695754143627744
0.25413375367315905
0.2046109203808139
0.5294178188009017
0.4022652236738824
0.5452039895633949
0.4698506297336296
0.22674149173843483
0.5587411009557103
0.3805371311547029
0.3657094228252579
0.49123389373347426
0.5461330867652692
0.8447173772801502
0.648051429790155
0.3457164332030567
0.31689447224795025
0.007427873399193344
0.379440835284231
0.5214859820653391
0.5882935622702861
0.46255909763423053
0.2909182860432827
0.2267047517532803
-0.0683603125459261
0.3121649791549535
0.04942995355013425
0.2488527817041174
0.2641523460105342
0.1221925712975379
0.6300909998622033
0.5841779662648027
0.6275147087320875
0.038774560457168775
-0.03242948682387761
-0.010645689036860143
0.18955322619645326
-0.12714664754654917
-0.04493901933227601
-0.34817723368690956
-0.5449496206639171
-0.47681078982743264
-0.0675000594650398
-0.4795650729048856
-0.07707178820238401
-0.09000151966825436
0.4108843631567365
-0.28617427263613615
0.032840680301373604
0.4447699119549648
0.6876919824985893
0.5378015128587337
0.5636692420125521
0.7585595083615898
0.7164358860310688
0.35353573100123087
0.715808899044907
0.9107329912773052
1.0218411811786536
0.966813538107511
0.937998281836238
1.0433115773942627
1.0493074909971019
0.9126774194046342
0.6967295623520553
0.7955941231645585
0.1262553017913848
0.29272174589777755
0.4905231193514046
0.5848452779158515
0.6523104587366724
0.5663792182753642
0.6582140006718008
0.6370314922582948
0.7945128041736516
0.5593142788235084
0.628053664264789
0.8834738959479982
1.0375858365934163
0.9889105879419037
1.0133292617327538
0.7951127153549781
0.8044336450081044
0.7159457790781353
0.9688673657488074
-0.10272044012749751
-0.38557691077418343
-0.4355494355381566
-0.42738806082369574
-0.3251188097381388
-0.19933969576095079
0.16226445561297148
0.3085484402657715
-0.044369703438970405
-0.2894260308726953
0.17213375235018777
0.07109540178682455
0.17550756909750873
0.4356592147752407
0.6290564409520103
0.8163284424857107
0.4528975680895415
0.9250620385771752
1.20152751508583
1.1532224395987283
1.1225072182877653
1.1091951464954326
1.2792825823180363
0.80323607640321
0.7391361311292084
1.2082005957545787
0.6936875271431726
0.8746269527200046
-0.8921407896722452
-1.1758187036178793
0.3238213373696766
0.6799593968877989
-1.1366198950779016
0.4718869901822831
0.2337794306943497
0.639365926318938
-1.9736653845739514
-2.656337282477031
-1.6078382449012982
-1.0536064528469715
-1.9906262358913676
-1.891987956813355
-2.601864159863037
-2.037338377716008
-1.8451152452806383
-1.6762368425489411
-2.2267727098367267
-3.2051830720201737
-1.8238909376800623
-0.5627412750143823
-0.03956778178535644
-0.2063916388150117
0.1762608608386193
0.608925577489547
0.5298167622599679
0.8272128623424566
0.8890618725037363
1.0680304839316432
0.8454841246930593
0.43013553199295523
1.1537277082072968
1.1291974329030714
0.9893282960196883
0.950998092796927
1.2278137736296553
0.6612101271181554
1.0347453990592383
0.6762036911009474
1.143421853024049
1.1642121907516123
0.10037056847452394
0.7220535451652624
0.8086298879005699
0.9094963183652924
0.2321373227604189
0.6744253485985056
0.5049439097336486
0.6217801041733834
0.947966436771392
0.7478502540591222
0.48466488202710745
0.5912885124695818
0.22315463097667332
0.03789421820281927
0.21580297249025993
-0.8265726907649888
0.08011227621221642
-0.2909204521114088
0.05096592831791612
0.18151653897110215
-0.3968208892249834
-0.5742876958817235
-0.01527777917413779
-0.3594291817749808
-0.21346229740416894
-0.5258559918525034
-1.0912871568912144
-2.5011206600232025
-1.1390850270106412
-0.17047432849476213
0.1263946704637526
-0.19238546034463988
0.2180355759837831
0.31495324474214303
0.32879108111843774
0.44141238100736047
0.43485008088666494
0.671635935056206
0.9058131409113254
-0.1214354704887946
-1.968431768186826
-0.6344398590473159
0.5208685206925098
0.31111942661150993
0.8751533631189848
0.539663218195733
0.1014324245678205
-0.04438586702545264
-0.8908242167042886
-1.9029378429140618
-1.6407550587047328
-1.0027661789035487
-0.6186202319749512
-0.7093853195256946
-0.04884950615025076
-0.06554665384152172
-0.03370117825855601
0.36859333341101397
0.387140654734744
-0.5633617088651577
-1.6331823686803146
-1.919952436911445
-1.234469020324056
-0.9587363040475863
-0.38291803481217174
-0.6837378493217342
-0.24427127755976819
0.2734284955947941
0.6337613275406166
0.10470536089382092
0.30389220184771537
-0.8264363669961035
-0.08214635075431218
0.29974205465095005
0.48146228307235084
-0.512738180599102
0.1042894170733954
0.307912003208279
0.43232552007890857
0.7667157426499118
0.2544896868416707
-0.13437597246904032
0.9911327273850615
1.069463953860638
0.526264957680893
0.41636413150084683
-0.23639665567991613
0.5147223444394942
-0.1923850527878775
0.062203739189344354
-0.03581489634256042
-0.20205205271204474
-0.5435795579113603
0.024077837215987635
-0.5675526622051312
-0.6711951386709032
-0.8943201239573199
-0.3949990570031098
-0.7933601715593864
-0.7301445727172898
-0.8976581165112877
-0.5701777851433038
-0.9639839584409805
-0.4247833744170668
-0.1000157972983
0.06172784531638005
-1.2147616856323504
-0.3862259405197097
-0.6223357724577268
0.1161433040459787
0.5696792092863835
0.07849381280486559
0.2728523326948906
0.2309147865180376
0.660594823916079
0.7166852860836372
0.8057690819217124
0.39315530070773347
0.6552155860341483
0.029221266566873995
-0.7445877915014983
-1.4056887758543117
-2.145139671332172
-1.2330043988360546
-2.3514068631993332
-0.279560017818657
-2.267247986526466
-1.4273162470728735
-0.40258999232286247
-0.5462627887506699
-0.18286125502715816
0.2001527851476893
0.2005243845950306
0.4605659759915687
0.48231909819519336
0.4574808459575994
0.2858622836995044
0.04856812568193056
0.21357394720508355
0.542525900245596
0.722422823399321
1.1037900700759973
0.23718083894621284
-2.222354796645244
-0.4605596438510404
0.008459908956357894
-2.503634116600155
-0.27995287087806614
0.16612196241406582
0.14926010674258153
0.14534612229714028
-0.17735576894619814
-0.341993118292086
0.009558982449720158
0.32596525274159216
0.4030365571688554
0.28181177405764296
0.20784568667606074
0.11599053013034626
0.663534277928288
0.8598494458784715
0.44539499257107695
0.7739738156096748
0.9149252009283476
0.5070294493805289
0.5810084239124351
0.3753211898776182
0.31704464307002816
0.01601572134253842
0.32036557250774766
0.6458541348272945
-0.7018847069631692
-0.5373482794323015
0.0924108798689739
-0.5907480933633329
-0.2507729306261389
0.9213340327997319
0.9984093369641605
-0.3229628785569312
0.2072326184796467
0.5949472656660333
0.2560880346318465
0.8132097008064416
0.7000609164594064
0.4177800276072368
0.036086376466394815
0.8198481936586723
1.6759829988557173
0.3528383854465755
0.6134277410681602
0.7804162607105305
0.8428942179565299
0.9681046067098698
0.7514062290543133
1.0151996921873563
0.8419986090376372
0.21683757381493227
-0.2527879145051983
0.29356921480734444
0.5902937921125628
0.7537663179688255
0.7505693032898999
0.2390108048180401
0.7267142973035311
1.0495254578838622
0.6751288583461941
0.8339036171663378
0.8380202508461307
0.4079275632881152
0.6243128530714535
0.5266522735917096
0.7565450422262164
-0.2739758010020374
0.26010015838582745
0.7551493691900847
0.7095603857916497
0.49666673811026585
0.023743176380027924
-0.7207566576813396
-0.17640824420857357
0.2635834187516975
0.6680883510812649
-0.20144490697540396
0.11331014741688465
0.02735430663771129
-0.28895034021750554
-1.6424720578370355
-1.5377178754574987
-0.4752833639572921
-0.06818536010712922
0.3492708880570437
0.056543568165190024
-0.539088936236757
-0.4111098956807053
-0.14705026744938923
-0.21339918726249832
-1.7370857337023968
-0.3493057543843276
0.17766193321351992
0.11428709302842469
-1.1670563902887063
-1.1718781871201256
-1.2745461844522898
-0.948367464214327
-0.6285287427931211
-1.023649949142134
-1.6944317567858327
-2.101562183022315
-2.2693586627210567
-1.8676864452359268
-0.7901413587957329
-0.40706110708976007
-0.13578530549822732
-0.33500211684753534
-0.3871397988580665
-1.1310010753791626
-0.7034600186302719
-0.008302711158009197
-0.7889330612237545
-0.7566636407655163
-0.2784911850843336
-0.08550769947915528
0.5005041190690097
0.26674298551962744
-0.6503659212649502
-0.20089947816763037
0.28590180295742096
0.5705949721448227
0.5999589223714284
0.6772993837421466
0.6080769186811522
0.6605658545861532
0.7029782516733154
0.31324228666289644
0.6092743129516303
0.37685061084377897
0.23579004292992256
-1.0825643787546355
-1.902751796861635
-1.2493161031596338
-1.2995284249791235
-1.6040650510446823
-1.0315822797723402
-0.1377114713970828
-0.8592077144007698
-0.5963966282869693
-0.5791089477607105
-0.5355929648798514
-2.1018793306707244
-1.252217077038983
-0.6090361684305673
-0.14049392861318005
-0.18403570107503384
-1.366108583549601
-1.396794800872171
-1.2924499838372674
-1.9566737627115254
-2.194719152569189
-1.4631355196055578
-2.1788277858469463
-2.7529104409029252
-1.2571303104359413
0.19056471429264407
0.34889678252232764
0.045569142556166786
-0.24591348604397767
0.2823118612894612
-0.20187262704952605
-0.019041533241095587
0.4823773417053189
0.5258702283818011
0.45827966338504644
0.7044716977546092
0.41423807585745087
0.6910110225451866
0.5633840180746434
0.4778420297292521
0.6143413651570814
0.1271563963599922
-1.487550967196003
-0.9184652433548042
-0.4974971317152561
-0.09225063655524324
-0.04854704089791222
-1.2011185999549545
-0.8397094404361327
0.2792160726856914
-0.3832127895703684
0.49648184850353516
0.7478926249660816
-0.4001201965010911
0.5477432064041031
0.5981918234437168
0.875185665709637
1.0506767682270064
0.9901204844391971
0.9244337200252946
0.7016099609580673
0.7021175985302524
0.43500671563709414
-0.27021165663712476
-1.5607892078494494
-1.0256610894663667
0.21487022147272183
0.6524590547287393
-1.4840236067971009
-0.828993624238317
-0.4937678903904912
0.14785575411126098
0.35040476110867563
0.3583735793678876
-1.4827474812673895
-2.249033981826241
-0.44437284269175525
-1.6528653628123107
-1.085462836139857
-1.7509069799164338
-2.776816779799423
-0.923728624056452
-0.45222484293557685
-0.9372331244221195
-0.12271796231679052
0.4716732692317133
0.44013128964261644
-0.06689037009921484
0.37018266223954394
0.5487598394653581
-1.1918525436502996
-0.37484399211918207
-0.11463882086348277
-0.2305541611492179
-0.6631116093784828
-2.1169869129915035
-2.856249347045658
-2.044995325988122
-1.4216417318029482
-0.8383675029867752
-0.2979791610699086
-0.4308941899733823
-2.096741960481535
-1.3343644480927799
-0.28513513734888857
-0.12361586132663566
0.13769188712675606
0.45921062040457894
-0.14858552983933596
-0.9781302996070249
-0.9631993982641429
0.20597691253050876
0.5464415928902855
0.22339617181566834
0.43553780865717967
-0.12579884155978305
0.29362828490959864
0.06470948506533897
0.1115975464284322
-0.151007399623912
-0.41132759943896663
-1.5577000389244446
-2.1368851940339195
-3.04159661360828
-2.4268771910694875
-1.181144347253558
-0.9520780708320709
-1.7839887508558794
-2.2137669152502406
-1.1631062078812127
-1.928314971772374
-2.6381549144536884
-1.9859540184679068
-2.2714386400002304
-1.8574163022973715
-0.18777010240015563
-0.847102125545515
-0.3511994715556786
-0.1928966552236687
-0.8465860175165039
0.25209603983929635
0.028142457758156908
0.4366398763992455
0.8503571679361668
0.8532712655985628
0.35435282725291906
-0.17846828382375435
-1.091459113102092
-0.3790200410600135
0.00967367452491329
0.2520610490224281
0.1357175114431897
-0.2859593324880547
-1.177080995313324
-2.1803099406147006
-1.0616381272764783
-1.1420492062313752
-1.1257042126971453
-0.937269676070998
-1.532102620880796
-2.4448635761992232
-3.2055881533624024
-1.584347560467082
-0.8775374864899184
-0.7936907519981965
-1.8792695269546993
-1.2071898553244873
-2.1041957303377745
-1.8771333714955083
-2.0315045349801433
-1.0579466303181375
-1.272424297013096
-1.738624356472689
-1.7156443713359342
-2.10091675162122
-0.7343932517005705
-0.11840379790128938
0.3279896550439268
0.3435445049428393
0.24582081457961608
0.22770053303865662
0.3850369512631889
0.08743175534659833
0.31362833454202943
-0.6852264530257874
-2.522699419853508
-1.6969444063539285
-0.6898335526395246
-1.125211518181247
-0.841153218300098
-0.8324426802201883
-0.41663823947690937
-0.9452825639548221
-1.009311311263492
-1.2218721736514047
-1.9394590257801976
-2.741209990552646
-2.6815084595404075
-2.085344934604311
-0.868763441568177
-0.5366093623335021
0.03026120366713382
-0.13391697940326439
0.046216737432153335
0.19149107861224146
-0.47730214148501104
-0.012249263799922187
-0.11403535575053153
0.4634143972365522
0.13905785473804572
0.527988048368995
-0.07397776585280504
0.43467881111921036
0.49041895521009005
-0.07934729131928979
0.20173592711153554
0.31686452020861267
0.4128357737797653
-0.550060079412093
-0.15197916617374074
0.17946327714163218
0.2943735863696634
0.42879390788076277
0.47118650718653565
0.15117702372798603
-0.29564813535915074
-0.4747932649656381
-0.4669943354382452
-0.3482231389874471
-0.3123655169463224
0.3094680961838866
0.4783925300869911
-0.216955469310046
-0.5080670797941551
-1.9685633209557594
-0.10028971222245271
-0.2953179790717622
0.20443218432458374
0.15767776296971447
0.056048690756112324
-0.5159121094452307
-0.7281851678556761
-0.8801063205325073
-0.21727296976815158
-0.3763091644983366
-0.13431248254456774
0.14349796124228056
0.37102364355155054
0.3429415250495712
0.25405123990317136
0.2952283501571259
0.11074094230043777
0.1860234691277596
-0.025451233272826015
0.21060364823184902
0.21945927040442226
0.35902503099138783
0.17491355096760916
-0.2796851677344417
0.16187488586752033
0.3465341340683051
0.20384627278580325
0.11948424256744289
-0.0141229814523669
0.37741023939328827
-0.16604115113568946
0.033539508139826854
0.2633604618829455
0.13510010762968194
-0.7618750452215635
-0.2919913873099431
-0.2354308735785369
-0.0645343173793526
-0.004737628535866071
0.03729129653709009
-0.024928243710613217
0.01976573483689911
-0.10262391443746698
-0.4238293560297244
-0.6136000361396937
-0.4037960056626847
-1.1402743998676512
-0.12611628221127524
0.49390383163201396
0.4668091462031001
-0.15490194426623038
-0.5835713067984327
-1.2522831182722525
-0.5350628304838113
-0.1430797999371209
0.04592327950214564
-0.1222281217467727
0.1132844213985974
-0.40854870756493106
-1.9553595702383397
-1.6655862819270797
-0.5625538071805519
0.1158934350278481
0.023017508886685474
0.3868917378220247
0.05976543701632736
-0.16863490412864263
-0.20312117468055554
-0.0009837128157376591
0.11940684173808394
0.0839035055997186
-0.5180605339549482
-1.152912441793568
-0.24887204181963438
-0.3544074167636041
0.047847933770665874
0.007771561144603763
-0.3742380719681207
-0.09182376904783716
-0.16930256882395778
-1.9071757150448372
-2.1674909435499967
-1.586055299823105
-0.14393202928744195
-0.010174522700713323
-0.2569187905276268
0.27891086033424667
0.4273084572283236
0.4889209155954811
0.19219451835816007
-0.36044592306540446
-0.5401401730519699
-0.25321500403697383
-0.762367717127755
-2.2760772290101587
-1.4674880485204371
-1.219112286910128
-1.00424592886557
-1.6983851077344996
-2.6417745226364713
-1.8484748821632864
-2.212597308407605
-2.5252788774189705
-1.3793025198781472
-0.360983678385855
0.18475478653426583
0.17014854339679603
0.38012787626382716
0.3135378005214449
0.19217739594340352
-0.6347637294836669
-0.7222527285581264
-0.07034161663083938
0.01841935626437663
-0.40116721673382616
-1.730623491194932
-1.1713932796364248
-0.10839567777011609
0.165976778766055
0.5584943842317693
0.4912557075614346
0.3032446241256922
0.5449437442746891
0.738438724117356
0.9208166939540051
0.7749685300165585
0.4032743664597702
0.6537268636103191
0.7547588841253927
0.83189625613899
0.11223774204929172
0.3706758298071027
0.4643697861546625
0.5413390386769238
0.430175517250705
0.3516621581461523
0.2531769370868887
0.5064817960759486
0.4559813304380648
0.24698813554615703
0.6227067775540421
0.05231456512164927
0.25753647178383693
0.25151010756729
0.06186942494078783
0.3735102295424152
0.640666769307479
0.6078152214239638
0.1487617158288818
-0.23728007423532071
0.007692757740713735
-0.617834048128868
-2.045559959977103
-2.763285319282528
-1.212425656403315
-1.2599418474770196
-2.546180399652827
-2.9999917279074686
-1.0179610431653885
-0.036295644944504254
-0.2659608390323093
0.10657506996267725
0.2877987689354413
0.2684244124895356
0.2585591574819259
-0.7843683231093026
-0.7285466415357876
-0.1936481414590948
-0.07624871797381447
-0.20702384333558246
-0.10465999775107745
-0.61534204122046
-0.042388605257661166
0.07363504856307129
-0.6522027926510015
-1.6056532756863522
-0.8204188320699886
0.3774510395079861
0.22798650439836848
0.2774567467355046
0.5441313882789153
0.7692076900478745
0.26072714146423936
-1.183490151724732
-0.5092529355122046
-0.02170537984287931
-1.1724561760987777
-0.3162441099048555
0.1410279720072578
-0.06850757319019703
0.30979495546676605
0.21880335008575627
0.25940490583352516
0.40523050969463653
0.34933216835041864
0.2768790718209885
0.02663969651096758
0.40669663290009994
0.037959087255867566
0.12764671492369825
-0.14226148842414238
0.18903160239206676
0.27419949807282396
-1.2849023434967881
-2.2567039135177906
-2.3927223511184748
-0.8437883657584376
-1.353866802610987
-0.2170169456052897
-0.21927426839702566
0.26267371341087575
0.0931270536430122
0.2586633222106842
-0.06029598456696701
0.08910461496641464
0.047168042708389646
0.1186391060111757
-0.8132803466877889
-0.3371645140963979
-0.41201042651852127
-1.064270816500317
-2.1725408978213605
-0.9670332634102541
-0.2493454316076417
-0.7116453038013384
-0.5052690456559836
-1.7553523935044157
-2.2565934575437745
-1.4341493070092746
-0.2722492920602325
-0.34957441486035856
-0.052283831949601914
-0.3775202041329696
-0.3866007196641144
-0.2175293772990391
0.024076106780263885
0.15876633149073613
0.17980643774073565
-1.1776603109488888
-0.42961410721944093
0.18328456279663347
0.1267800865623669
0.3196820524333089
-0.22115360844235588
-0.4923747386820992
-0.6729665665639829
-0.8682339481142243
-0.6451953448232103
-0.4937344539545168
-0.36048120849372
-0.6325089627952025
-0.117228288731172
-0.18172348771343722
0.3508464366350832
0.7467468070713925
0.6832333898443889
0.7903898694641976
0.6005009675167717
0.8284780341004168
0.5831127952193316
0.1949501579430326
-0.016967209679665973
0.11014073980575272
-0.5030586392482724
0.16164351450798087
0.04568983525794426
0.15662565687107438
0.5345072442956887
0.4754441997648947
-1.1706484073947694
-1.6822077434189728
0.08272029595715187
-1.0603320484502652
-1.208140217038842
-0.5348842192832494
-0.916218739291454
-0.795039810568148
-0.22596409339756557
-0.17133227029124642
-0.3372231262535083
-0.7555217419475653
-1.055427061938633
-0.6575941647139718
-1.6415123140716927
-2.5639538229344927
-1.6381521921349838
-0.21893722679993094
0.20360037152975696
-0.00139390669617275
0.23362369944817535
0.326647217143936
0.4981227579827182
0.433112863202723
-0.1469101847783426
-1.0595295914238454
-0.1986084131776344
0.2477398121924729
0.17846949325912861
0.053049220864104525
-0.8600138933536756
-0.3474799133874749
-0.36239128100887097
0.1253145124290373
0.413467763889658
0.08281371534887001
0.4490766870635826
0.309212611953399
0.28129653631339735
-0.13612924668236573
-0.6946644680091697
-0.5461783357434222
-0.6636576554639445
-0.058538008157429836
0.07383693113413424
0.47079748765090557
0.10815976676902919
0.4519688885931055
0.7956779547968137
0.9636874729237623
0.7368433249752178
0.8994538290435203
1.052421703916972
-0.27864700799475306
0.5907878096066066
0.5119159227621002
0.6103248529102925
0.2777337786141333
0.06604094581144973
0.37863147828769106
0.09992679513181628
-0.11551389894042152
-0.3304183085834187
-0.14195908960834114
-2.309294827356265
-1.603361562420498
-0.24684151031813
-0.2980916123660194
0.1645115299133627
0.298596902056735
0.4791113361652118
-0.876536901188651
-2.338395739418592
-0.9192257382147948
-1.6048718961591055
-1.7897464108993377
-0.5919955927527547
0.20515692500685367
0.5354241445937562
0.3407739562679202
0.19357272030425898
-0.4325988205326749
-0.025834856547592107
0.2977366371504537
0.27111804064677386
0.23137436248471166
0.475537240848144
0.6908389424749578
0.3056694407398827
-0.23105510302810003
0.14249848224417144
-0.8797971715317929
-0.0026831936214129605
0.23845821708201098
0.002254617184203639
-0.5533461651057124
0.3162730639185549
0.42874413081476115
0.2762706934256376
-0.49733959172949127
-1.050109606288665
0.47159236698414325
0.7945715063879553
-0.25303126898754164
-0.5439303796990832
0.10800365746476834
0.5756089585477732
0.6407126090554407
0.42064404271227257
-0.47939532796199125
-0.249251323576744
-0.10216365666459645
-0.10681584346531195
-1.424808881577274
-0.2782478741223725
-0.3124069564800226
0.20633392521841926
0.016260284338641816
-0.5378942431676933
-1.2693387390913236
-0.21370452315812413
0.37934345977142536
0.4734136892048125
0.4417938470454097
0.7374068751391945
1.124212549993389
-0.15563684196149635
0.2812621117151843
-0.3296104382570364
0.23650613574567192
-0.32275369536023685
0.7708005830691633
0.5751399772228056
-0.4837009568960116
0.14780227936371898
0.23784234797147719
0.05739024412176483
0.26198240521184324
-0.3256248379980463
0.7563522976767435
1.0256294567717363
-0.026943384268923586
-0.5257317045559681
-0.643425995249434
-1.0272951224208131
-0.7608370575771468
-0.7280716915576407
-0.09255768109893872
-0.08852838596246358
0.19629652711271764
0.14776554976934006
0.06336103481756505
-0.4480764530987662
0.2710593277647456
0.13399933862815194
-0.219861851325861
0.2805104936917115
-0.08548960880322587
0.49005408216320806
0.028047033437053143
0.5661474606759782
-0.4224773109224748
-0.5840910618021457
0.038372238593133004
0.0165433258662981
0.09312956862181497
-0.31623711389020076
-0.5234562894920436
-0.27520550140184274
0.20064524349147583
0.3108501822650589
0.7360641894825605
0.5854620693191743
0.20540080346545375
0.5975981412875624
0.6771909413462129
1.1057155465806239
0.6609551386450478
0.6807326540132432
-0.7715788441293011
-0.0020875613939956503
-0.6275707182058287
-0.16704896435533273
0.24413730782546728
0.4601524899080477
-0.14000768048423606
-0.8020770791004656
-1.6309705922461628
-0.7938458396291457
-0.08321428342363407
-0.2334353397141573
0.0424609603416385
0.19553810779315237
-0.24445287063613358
-0.3099948101523755
-0.10905889322757223
0.09457322973153218
-0.05343330095681738
0.39842413677400923
0.1930085916785751
0.9480527097835036
0.9349613713640118
0.9663623673710038
0.9480707658348186
-0.20109069342490254
-0.4118957390455223
-0.26092484880293176
0.01324096398547322
-0.31024604885503526
0.2852857666996849
0.5548013065141588
0.9003710677559318
0.9771992830377572
0.9753368130548116
0.9596816172104654
0.427401194283578
0.8105888926247621
0.774278020318003
0.6117612647511066
0.3750382104227835
0.4222271271861001
0.15579035399726004
0.24499630111646808
0.5373465188385762
-0.41779939503461505
-0.21175535977939078
0.11565029817981973
-0.4322803018567706
-0.4318091283172961
-0.4556675925480079
-0.2733745832248173
-0.768776658581362
-0.3276500204572477
-0.07120690479549163
0.19059835039152248
0.13115135132561914
-0.2782245496558207
-0.15905604405048188
0.07243061434481797
-0.39619634313840174
-1.1775330284976566
-1.585857717657341
-0.9421246855761389
-0.8149886849169539
-0.3813871549510515
-0.3079608343314377
-0.453396878987972
-0.6086307117379839
-0.646522385189833
-0.41035590591652094
-0.17395299022879196
-0.06724696181560358
0.2574630848589674
-0.13134736753245074
-0.14673021260524105
-0.13382669260352634
-0.3967117361907078
-0.3223170234139746
-0.6453139064764023
0.2955936225163336
0.47993696629212274
0.4276842235313978
0.4806940184624564
0.5243119776588907
0.17953611169235356
0.46438488534166045
0.3575566233187907
0.5747158276488664
0.6929341567708185
0.4214347228272968
0.45878092916281094
0.44831958917007314
0.24120372110894595
-0.29384081025623954
-0.32066358747320645
0.004087678723787571
-0.3664194084753252
-0.1928927457829928
-0.09168393544883426
-1.3983288475836837
-1.5031832127873979
-2.0791416148569986
-2.35242886136073
-2.3093410212249568
-2.709760361395701
-1.948296425150942
-0.6624993982386321
0.09965981800201108
0.14076246460847552
0.3346813343121492
0.22683356113747452
0.286389037397297
0.5337716461820738
0.6022901833165397
0.4034985238752401
0.18508955784489448
0.23102192565912177
-0.01654454889109175
0.29135149549005906
-0.18554960026226666
-0.13331369419530217
0.31296868390637034
0.22639792056857405
0.12263470024307038
-0.5151892645701512
-0.22516190340897083
-0.08856654837050884
0.3776243190191281
0.389607757341478
0.47317849026966974
0.5629624375644633
0.4083461403083731
0.3495201353237578
0.4857178954178024
0.4088815202664387
0.009109274149852523
-0.014824942958162647
0.230177178204928
-0.396697974473493
0.0005226810737294675
-0.20958233511292118
0.06829560365715337
-0.6392035766669147
-0.2875105546718671
-0.2790583018599705
-0.6896352654662954
-0.29228499380651357
-1.183480672336236
-1.593385175453454
-1.3161837015965536
-1.6820752330326265
-1.3768249966355373
-1.4539236466116197
-2.3224890627742036
-2.4996047980016396
-2.5081464163090086
-2.824075750799975
-1.7311897859347392
-0.7123908356891282
-0.01150014036108745
-1.346959317997087
-0.45101744602457083
-1.2843008047085374
-1.7236607982495786
-0.5250193595526045
-1.9192857026099628
-1.3619369525365896
-0.6082707027641506
0.06513149987042724
-0.1373285048309149
-0.5864202014164257
-0.396646192354324
-1.1747263698485502
-1.1312146818734838
-0.9252768872645041
-0.654857049832602
-0.7819177229357436
-0.3327222091223323
-0.05083555139054896
-0.023894754514061797
-0.15449846482704
0.17702394202627555
0.43485231555096115
0.5498639106289492
0.1948708284536496
0.11189601798888166
-0.0553353665927815
-0.16452797337990466
0.09537583733221405
-0.021771407840580542
-1.5963469561916932
-1.8618723825091652
-1.0378892931741561
-0.1797913216269781
-0.45648942408520155
-0.37435578996623065
0.263720623656925
0.27789982052139417
0.31764872620405005
0.46986070096097776
0.3756283047355165
-0.6345177379827446
-1.2577935406819138
-0.29895894830192926
0.14501783363291115
-0.8481157722164621
-0.8755927069513199
-1.1257699374226044
-1.7191041627682222
-1.9007901096933264
-1.2518351813302027
-1.2422873479809842
-1.1087272000054413
-0.8901099910128014
-0.5226144261799532
-0.15390473239564784
0.24518972030084224
-0.38066342927129687
-0.4943769470181274
-1.0529503296142189
-0.6846360025331286
-1.0779486241887246
0.007082086263282217
-0.06971046001604099
-0.5961777044866647
0.07531313942301901
-1.0014835703305087
-0.18116435174578052
0.41357500776424916
-0.5684705741500693
-0.830734423228945
-0.5612896399774153
-0.1855474522058503
-0.5871182932005604
-1.4466603895285317
-0.9497110028670332
-0.5290627482814679
-0.6171332493530204
-0.6967294697510205
-0.36366741768488575
-1.4658786796474446
-1.8753726221525833
-2.443452783159895
-0.7537914012472617
-0.12194196168954585
0.2638996617717452
0.6213278409491515
0.07099725080351425
-0.9722495703144173
-1.8895912644296913
-2.4332213264281317
-3.0887862778408883
-1.6563990765885501
-1.4488430943861268
-1.261886237083589
-1.419018665601067
-1.1276481311953246
-1.603380668198286
-1.1079054615370068
-1.6043955774789236
-1.4485208295879126
-0.3027884274480903
0.13949904012276468
-0.0263706748933884
-0.30389121979325595
0.09498501333426963
-0.7770494362665148
-0.25746370496620974
-0.15037872974872127
-0.5884363303949538
-0.9635542716115288
-1.2195079639782294
-2.4075786127277716
-2.253950686966465
-2.2743122956536204
-2.278168874273438
-1.8331241165143195
-1.1585682625448024
-0.9089474974515299
-0.6168511416549547
-0.9326824364463288
-0.6655168187453144
-0.14442405742099368
0.21518102463886762
-0.8795272051831313
-1.1548796018536378
-1.5118932405939043
-1.8283083663448594
-0.8053971841005568
-1.082778599872015
-1.5940745713756017
-1.2633442197737872
-1.7173388156268095
-2.0298492154960983
-1.9757530798966636
-1.5329990743492288
-1.1779214088705352
-1.4875602541728261
-2.0854153266566304
-1.9218704923420018
-1.0446132749908736
-0.7449134145910621
-0.6264769150661385
-0.852659789163757
-1.6756176049555824
-0.47751848271273556
-0.2745366061375709
-0.13896669568784203
0.025871079113317402
-0.10955844929863083
0.20931054999286325
0.6769293292507699
-0.06035165500443192
0.48501218636064525
0.7917933892578195
0.6351302233825051
1.2083051964749263
1.4433099735279913
1.310098282492434
0.8791383955708476
0.9219393889159077
-0.22669380408980935
0.36410100127150336
-0.3811543366086896
0.4513543077028291
-0.10531610533629475
0.1380580416720634
0.37223946097940647
0.9134334340275451
0.6252446070096427
0.16615813787012848
-0.024251397798843947
-0.7203058726618913
-0.20805420650193782
0.5843214596326729
-0.0017710487887638293
0.3315971155582346
-0.07470051393961274
0.3137074074896744
0.7291319785769484
0.7500274047538451
0.625877790523419
0.7443900996358019
0.6390659105622736
0.7463434139203393
0.38125167022916295
0.7980141888245856
0.8485101097380248
0.6846856677408142
-0.549423662655534
-1.0595429852931293
-1.6659200225741522
-0.5829963163064193
-0.7478955597933336
-0.5722051815318885
0.22628401552362648
0.325675779611597
0.29596564868182745
0.5531864256130685
0.35269474268152345
1.1061030500792601
0.9466665868614309
0.4598719477964124
1.0533304432891915
0.6565727781560319
0.6752917106355864
0.8714746009959955
1.120362738558056
0.8431677454417849
0.44581813897223765
0.7904569468135847
-0.4371413556333659
0.18671461468898673
0.5628649596736455
0.6968674401306056
0.4723836990513115
0.3855958223789378
0.2510608399698395
0.29882209322523007
0.35595413965504624
0.5524811966423957
0.2911366623038432
0.9299973557211305
0.9616997391133671
-0.23791789037454275
0.5436629345649125
-1.0729741653841565
-0.2910104972167463
0.4242180083387267
0.7332419222323387
0.6468280425189313
1.0594004975820601
0.8623538455285803
0.08684960371120823
0.48536454844058297
1.0991379939002472
1.0840720138433366
0.7353410875520586
-0.19317875140452345
-0.7188344486232742
-1.7115490367883996
-2.079010771389497
-0.5020525102242027
0.6600610174016417
0.6801560193995644
-0.73980216583832
-2.068835104095445
-2.068929781392381
-1.1277525913658546
-0.9325408234711677
-0.7932671860261203
-0.6703521355785687
-0.7019512033596664
-0.5163692429998559
0.024509101715027168
-0.01710773289761168
0.0424453200366255
0.17573125164511808
0.20467521700230834
0.5815359139653943
0.21458263348568657
0.5093837592876225
0.8040537379224112
0.8356789938503861
0.8204356344181444
1.0735112534220002
1.1651872295002295
1.0130867807478503
-0.13380863648389707
-0.08989630032644197
0.08947658652192103
-1.3051936766319199
-1.8972026671847786
-2.650561344367463
-3.3164131498965976
-1.3538601498001968
-0.28149952003245193
0.3174299238185421
0.3437366243925234
0.5895860543081233
0.7476821106310831
0.6440525472274558
0.6309944310386605
0.5607614437008752
0.7390260937854706
0.742766199285847
0.13512687781487853
-0.37589035329858533
-1.264502018702319
-1.6412940854708813
-2.0838083871481423
-1.9483299070118263
-1.416343769898381
-1.1075402891490893
-0.9194859543218084
-1.8470839960988252
-1.1425175686772806
-0.3080530188427973
-0.04155145836468517
0.6265310193856339
0.32088664505878206
-0.040106670555212595
0.034320614649030384
-0.2891198758719081
-0.38710557695669917
-0.18338181278566437
0.24415948418112074
0.2286551923348455
0.2856162499723245
-0.04307980037583845
-0.8244802633606146
0.3621800058994229
0.5664271113011458
0.9312788887439061
1.1193269511533737
1.2770683540823116
1.2340777946070358
1.3148031818813797
1.1415830926721533
1.402717290266568
1.2768662564229383
1.3444879217825636
1.3429764683347625
1.496628322685782
1.3127330329161846
1.3764428150498493
1.5489597629396834
1.733372559196703
1.5393459782216272
1.762374469784287
1.8362617015568836
1.7084927186114702
1.1878145144679326
1.6410161954474838
1.4114074219139567
1.2331499280859348
1.3866423504223222
1.2987130130639848
1.4333639202789623
1.5132506992921677
1.6311457967889247
1.536383812738268
1.9037651894735357
1.4513695652789336
0.8717115420362206
-0.16950738438973123
-1.864826884222043
-2.47765610973238
-2.0455989493381774
-2.717955625519754
-0.1642317721926152
0.6393413649017955
0.4531752456173108
0.2006340681783202
0.5206655590127882
0.6319770999993144
0.6041418549885617
0.7463568870785722
0.03723267006199389
0.11738471127459911
-0.15389643485610227
0.08737743492724849
0.4710029416380594
-0.39411408733865194
-0.6644684745501486
-0.008774921876773437
0.6190371642010075
0.7832227171521191
0.200278356528115
0.4373984693411893
0.3829303821377043
0.9259657709734235
0.9250869160095279
1.2270030690923963
1.2354183470799138
0.45043131598132014
0.9586535323927217
1.480080455363723
1.2743798831084434
0.96715760909502
0.7471660653356409
0.795724932329183
1.0119172139444241
0.8978188492556504
0.9592422540199509
1.1996846913611061
1.11419075365079
1.1167324612526288
1.223144766243019
1.2399304369869293
0.5790639719929003
0.6635472696800088
1.1102952265669819
-1.3211212625640916
-1.3822191698749604
-1.1532174435611084
-0.3693374799241097
-0.8937291832907457
0.020219714408067344
0.3113114395918301
0.07801577970854279
0.854646458294631
0.7561935577959373
1.1194650533973665
1.3855500916857315
1.3852381371782805
0.9024734012323774
0.512053898081811
0.4529252448977249
-0.7950174856853734
-1.4962602100500237
-2.314576442312736
-2.030422101832405
-0.12758125653212898
-1.923233607051244
-2.211683640472236
-0.9863740748349578
-0.8235075878944252
-1.686470696037396
-2.984251469745329
-2.075893547702526
-1.258512673319208
-0.8125170977548752
-0.2088285216750444
-0.024502852738174097
-0.3993915792040665
-0.7688061871501795
-0.8955478705618729
-0.14258826977494954
0.31025013520277733
0.6232176251975856
0.8747309698101533
0.8462602560132393
0.9272781357029365
0.8379689057850963
0.9406022710867399
0.20084607898737888
0.44595086866380207
-0.3727688287499771
0.26828485183314954
0.3820910300895609
0.180665530596102
0.48326322638929414
0.8250529676343513
0.9123782435563444
0.2974461215059523
0.9777632601456168
0.6662709446693568
0.6425717522431509
0.08460932404264741
0.19628861064964986
0.12456796299486458
0.05448295360862712
0.05212411357441726
-1.3506119222776505
-1.0068471113718918
-1.75625045340347
-2.370298450099935
-1.264802451561344
-0.858549667198268
-0.7667001711797891
-2.4183855950745516
-0.925842396106128
-1.2302902279102592
-2.359452846833517
-0.5682551569900285
-0.32416821839048116
-0.5899561369711428
-0.5415303079591589
-1.1280129082688388
-1.0728852367272612
-0.06254065947880705
-1.0480420358598246
-1.3445152919498964
-2.3100528592576706
-1.4909433226899862
-1.9140293677822433
-0.678105977131243
-2.6434251414303427
-1.049131731430856
-1.780956591525591
-1.7971456437742606
-0.16490173098898858
0.8466718516762066
0.9780386107294257
1.1910346422062366
0.9121119237480144
0.7968181088476094
-0.3883502936357869
-1.133386204023729
-0.7295134270055208
0.3017605880988592
0.8057781827766421
0.6560016717770023
-1.1136453483561128
-0.5127371633043748
0.3801391145424261
0.5560575307856647
0.9532772066169132
0.9016464740757296
0.9919953421382119
1.0714822334856853
0.7999695345526222
1.0526670145203805
0.8320798927474811
0.8099519296623398
0.8517537346062733
0.7400333975363131
-0.7225152088442025
-0.2703162552230953
0.4714581308750185
0.908405589489144
0.31673702290983624
-0.5868783970295892
-2.704108671869392
-1.254582842109437
-0.32528239818438714
-0.7666880985169641
0.41514524624675586
0.6137111235186502
0.4677130720901255
-0.18661276649816022
-0.3172031963380346
-0.3121280462274804
-0.7125878563135244
0.00408472247616715
0.6682420022467831
0.6393799945300676
0.3155353383111449
0.6703103724861798
0.7387563320015919
0.7843270085597829
0.3135330374933931
-0.6606472309046506
-0.37816674886276014
-1.3347254374660122
-2.0255765160482486
-2.400194720859619
-0.6458879100460422
-1.9618386180708172
-0.42685225989083847
0.291781274865238
0.7331965297951468
0.6381067074965793
0.3706592515955144
0.5157683837758806
-0.3579164148193768
0.3606725599018231
0.5766440769847343
0.28990761206095567
-1.0953652589339993
-0.6089150239698078
0.10574021040804535
-0.17561073338691058
-2.2209528613424356
-0.7482530071690696
-1.4430686971036952
-0.5309396144419027
0.373255893996402
1.121584808116578
0.9052842613929308
0.6821869940572756
-1.0228048434869017
-0.5335227773602587
0.45569390290594597
0.04187346072974209
-1.889462866547282
-0.2929587018458979
-0.40886260489807397
-1.0381109224794907
0.30069428825676237
0.20932730037324598
-1.7443071715956617
-1.7323299852998215
-2.7120829306733416
-2.1168664281445895
-0.7383404875953914
-1.0847095214865972
-0.9356173779141066
-0.7553802409463314
-0.5576738533109769
-0.4845771338832321
-0.4628958844691505
-0.17750895422434815
-0.6485046589835001
0.19432752303230916
0.03483053443308755
0.3562530812713993
0.3945033996477758
0.1523646094677867
-0.404840810741397
-0.06037896143932918
-0.47098598679802084
-1.425842764842891
-0.39204653721496296
-0.5516288754588279
-0.6694433062916749
-0.21587220117068576
-0.8626589208485361
-0.5846763371760844
-0.022918165438516054
0.5951793459611896
0.7814970576700163
0.8481984909109461
0.6292422208810055
0.7576624095679259
0.08165687018519129
-0.1832502421757286
-0.1311453327250382
-0.46917805260895107
-0.4924331766883768
0.02289651890539211
0.23381615860777089
0.026990502641800203
-0.5115458797156356
-0.40818600264254273
-1.745612425051772
-2.920870944014747
-2.816105701862159
-2.839500760689217
-2.5217841195796975
