0.47380104150237806
0.3735357091164455
0.016896727437871725
0.23868407271990777
0.49783752503129114
0.38917268879434297
-0.2022124235317386
0.2037993513226943
0.08812562491890052
0.38201861785597174
-0.5864059407317642
-0.9358163441404429
-0.5673199842923392
0.004739067751654867
-0.15620230744068686
0.10227053574245971
0.3162162517612219
0.4199653121627314
0.39115288967395095
0.6007914282480732
0.6253157254943957
0.48537182304244836
0.7425063051585645
0.7371500761717
0.7173697795169588
0.6922453600124003
0.8301882524394771
0.3709948996909125
0.35984796269506675
0.32700063303725574
0.30747905858078883
0.6287907216755731
0.40353602389412074
0.5243305968835006
0.530205443591842
0.22075528340403686
0.5544547360803004
0.3274451460748631
0.3143673427299122
0.48945756044900285
0.6206882681174571
0.8442908438958001
0.6631386918660721
0.3011042760531862
0.4439089133356122
0.16369994103998392
0.41580752177739927
0.5012529830377379
0.42862639825893295
0.4652425044342324
0.2099075545852499
0.1470740029183921
-0.07721274149986675
0.35137437887376477
0.04264209998264963
0.3253739665034478
0.18121826287996812
0.07818041034228904
0.7140447943910939
0.5447524655217222
0.6552588263495409
0.018158498934083195
-0.08537460670504893
-0.05910408678732404
0.21426251561733697
-0.17158196022705066
-0.030108595905693664
-0.2929726771639492
-0.5747895667327645
-0.5496865174097302
-0.035333489241263824
-0.35668443747441764
0.10732289143072658
0.0037836121698487032
0.4618365027117458
-0.27657074731598613
0.22500582417563414
0.48639293325418825
0.5776486421539462
0.4588083391353126
0.5582756448014855
0.6748885336197386
0.7003304225729229
0.3645689577161173
0.6889864583355297
0.9806212413473815
1.115508429959268
0.9768993332148499
0.9503684641594808
1.037175037218319
1.1359933553393706
0.8624918440452402
0.7065961147767165
0.8628172308334132
0.31963108889197933
0.33438054511099446
0.4879104053840936
0.628145736867911
0.6432298001620324
0.6068926916817741
0.7303551880134251
0.6596915096032441
0.8964216496334482
0.6222603306593019
0.7475269275660582
0.940539425179355
1.1793588188201845
1.1302949127625594
1.0588206032190077
0.9149248259964238
0.8816203938770205
0.7655304695014744
1.0508165409364607
-0.026824833151993757
-0.2111212322822701
-0.2637473011950324
-0.31341710993159305
-0.39529142540025186
-0.22669168666687273
0.22573334870665823
0.18569769247470422
-0.002839410094525871
-0.24475860253955956
0.22420538321993183
0.18548331153171657
0.18211224255169983
0.33137503568954985
0.5062565039115091
0.7016900009243261
0.5503978854430635
0.9795544226562348
1.297485994540809
1.2380500979129796
1.1342183867211046
1.1687036192900768
1.2916748742285844
1.0039110214670268
0.6841068785227838
1.2148832316418854
0.8255067363847006
1.0058213091484591
-1.0734864408475036
-1.3219963675740336
0.2827705191233731
0.7855023328174249
-1.1997064899745076
0.5036217590810489
0.40357696362439766
0.8547131833576443
-2.2448207944081626
-2.7253711935911036
-1.4134259875169262
-0.9228809256902839
-2.1943132106717647
-1.9272034101593305
-2.739584875781056
-2.051318920755398
-1.6450087221480336
-1.6270255573252657
-2.337118118229748
-2.7248408828658306
-1.6249392984122861
-0.8156767628470224
-0.1256349208741928
0.005478803401463434
0.34998522906381113
0.6441111315148614
0.47455667026301335
0.7602091369720968
0.8127601975602154
1.0234097236799313
0.9445099054847955
0.37575135285811506
0.9146133857280081
1.0451177086574137
1.0293826185870107
1.0011670110188793
1.1815066982807132
0.7184129668016201
0.9409119800102765
0.6381527281064219
0.9924995217010547
1.066959432780865
-0.020276366998199565
0.7110066753748021
0.8837540990559685
0.9836998167394877
0.28655391730242086
0.6566165787781929
0.4931972495370595
0.6601751193177262
0.8638308565827192
0.8803024123274226
0.4358402898111928
0.5239479573608332
0.3686946562130806
0.03663901245239267
0.28056061817846667
-0.727985959750447
0.13362902425043305
-0.36830446322116406
0.1864396896462594
0.2299609393301367
-0.489348436731211
-0.49059042235793593
-0.08887534562521955
-0.34238329000048234
-0.21253650416428316
-0.4186568745823225
-0.6520999170436446
-2.5212033357345724
-1.0537893027535952
-0.28827661216127065
0.29072450954022133
-0.1342899851388315
0.3445886749366795
0.3840367055360296
0.4493753363522065
0.47566831077854194
0.4163809270889427
0.580535746819832
0.779711332894311
-0.16610937887854688
-2.2333385594246966
-0.5939974696433388
0.46892233894395813
0.2474118347942005
0.7613262124403712
0.43967240402664487
0.14023240802211878
-0.08765114416243355
-1.0396361622234926
-1.91353459062546
-1.74275844670743
-0.5375817831039419
-0.7497671956700732
-0.8339746991428831
0.08447071298569701
0.05054587973964911
0.1721362460642372
0.4709005781844852
0.4820489502618004
-0.5667194157367793
-1.9324715627667308
-1.9527777484215039
-1.5314992606530013
-1.172755801390238
-0.7432672553637946
-0.8109480401711459
-0.3107579092139452
0.2610075422901777
0.6325554580934086
0.20736449434047502
0.1648167566033965
-0.960005003962724
-0.03217704260411343
0.24750830702448035
0.5364907713465129
-0.35958054109003995
0.2593076319777918
0.22804089357977925
0.3414126621059082
0.5801922126280723
0.17938538929529216
-0.46605182267371603
0.7277193681559719
0.9077752854126027
0.33622535284910177
0.26531501943243946
-0.4643026694890452
0.2533854559609848
-0.2307894758983673
-0.012221943711086793
-0.33703686057817756
-0.3820521095477356
-0.8119342349027636
0.09986475040731795
-0.7589606079750739
-0.9999177726453159
-1.23585313055876
-0.7693749033666405
-1.2013615586323851
-1.1482680209691152
-1.2881805086174876
-0.9273843652193001
-1.1470898288379066
-0.8945437473069792
-0.1741891554112883
0.029261009377557115
-1.1587595030901527
-0.6635516137573931
-0.8635347327075091
-0.16149126573446285
0.6258076560120291
0.21201904822110934
0.334483051264051
0.2133563390176376
0.608570538620538
0.6286532261926114
0.7457848948476394
0.317228123768355
0.6417400554406524
-0.0037674829511794954
-0.9358699340149627
-1.6857448133482316
-2.2240331451249915
-1.1525921183959051
-2.3976672304453497
-0.29978583964014766
-2.432870146192561
-1.515280351203273
-0.5800171948813396
-0.8365219180412947
-0.3063274985745549
0.21925393629651763
0.1810317858737062
0.4052213620846656
0.5799063253912033
0.3278717267103537
0.3327814880893886
0.2551067461905701
0.3563211840957618
0.45847352191072577
0.685397658745519
0.9288366418976024
0.1493317164325228
-2.3144039890341355
-0.4495781636397338
0.38823249806907434
-2.579976479843999
0.06980061552644305
0.3524831973086399
0.244176198592218
0.17493555525899027
-0.15645287908202296
-0.21208234858615943
0.16465170568376894
0.5214447043834158
0.6727105094760781
0.48112483274737694
0.43696537234907273
0.1958232506121274
0.6180797600923368
0.9428463131048239
0.5467501609903666
0.7880482487919317
0.9579393339018384
0.5299066672686293
0.4690276404180465
0.43917756119963103
0.3519293114604339
-0.060425692002243736
0.3052404681567867
0.5799849135726955
-0.9007681355911963
-0.5728901315991736
0.25759414692467303
-0.659763840335234
-0.23947838165958263
1.0796004817635425
1.1521997614741792
-0.40279416035893534
0.2565815214554746
0.6035297056017537
0.279652902050284
0.8672760048332993
0.8013489739335679
0.44030999215030125
0.12689591265935432
0.7858745274436122
1.708046693813778
0.27420715015043273
0.4939942560415562
0.7224791372703421
0.7515073890703939
0.9615890503719478
0.6862495216375154
1.0870060564830144
0.8842878762266438
0.24797397104892707
-0.264071456117082
0.36700813768291546
0.611702683361873
0.7111787892283574
0.6141086646812554
0.2296472921094312
0.6140562645644451
0.9078736071897552
0.5255274419850706
0.7280128035283416
0.8065108469211832
0.3134556914620941
0.5509631676445187
0.4627837156525455
0.6040725222698594
-0.3017975542912962
0.22244331156720615
0.7172470272297516
0.6661677927827452
0.4404266942334887
0.04279336068128087
-0.8541422797879026
-0.18133543464117474
0.25929690067650035
0.6111774262936229
-0.3025442641723078
0.07552444226635673
0.09457936300322248
-0.20366019600116517
-1.601386611629929
-1.449986682482158
-0.7583313629434917
0.0727043738356759
0.27599404651261855
-0.06903927866883205
-0.6344839954090326
-0.36575856869091944
-0.027753658899326933
-0.2652746748212132
-1.6839480126755435
-0.6308433730325589
0.32511611363624404
0.1082449096857978
-1.2588043431036973
-1.174069279454253
-1.3768335581067361
-1.1760028463760062
-0.7522737533011621
-1.0357312673387409
-1.5005453875295118
-1.9082549841501475
-2.3999429958695244
-1.419700685375937
-0.9532984093896272
-0.5220753664880952
0.1849719399079378
-0.19526409112324997
-0.2610798159690078
-0.983744853868236
-0.6155808511467967
-0.05045498789773107
-0.9369976348913417
-0.7278773857121235
-0.17021195534992614
0.08215407546306312
0.4809923149010165
0.11290627805134446
-0.7058157716314437
-0.028224998895741413
0.4959960549528323
0.6244541666584388
0.6597581653519697
0.8975917957699865
0.6192160438862134
0.87059790843088
0.8522770966590228
0.5014593295412583
0.7933804772370506
0.43866715117640376
0.1828838357458672
-1.153035200039959
-2.03268901589515
-1.3905457464585604
-1.3022764004482177
-1.6334268062689983
-0.5302988943446262
0.0656078603350216
-0.9831777964137941
-0.6115798129832136
-0.8643876853783534
-0.6429190938183578
-2.2865687572518203
-1.3909238972729476
-0.7755424280906001
-0.10834916848159276
-0.40263694497269015
-1.583599157918507
-1.3734668541096824
-1.2295893682293544
-2.016385690825785
-2.1370217659640094
-1.4397025651818256
-2.2595197457929332
-2.4549745705085133
-1.2378440601348026
0.17182790690852115
0.27861241971016687
0.07305639881164139
-0.27134855532295743
0.392375542835338
-0.2572224808040942
0.045293152946586104
0.4617847189080674
0.5619154143373442
0.47385039969556136
0.6630525275133342
0.4723069105875955
0.6182911243169007
0.45399878559876977
0.40770002821018514
0.5541509136783589
-0.018529991610673247
-1.9410866079571294
-0.9662712057819863
-0.5311928489730662
0.03934309530480561
0.038622807705738386
-1.1955677776045683
-0.7097806422638843
0.5387738715013484
-0.28922817151925906
0.6097379306479725
0.8183942261425559
-0.21454523645096865
0.7031310244242671
0.602090071189265
0.9460360158241463
1.1118249820279928
0.9127805008529711
0.9176673875651292
0.8101647398055843
0.8482971151457682
0.41493646609875984
-0.5866593485997156
-1.8999442062588496
-1.1943483125413452
0.26747990298640906
0.8159370049515565
-1.9640379816354983
-0.9851530336460885
-0.771735544658003
0.17999164811734714
0.49885689177060716
0.39073493859795844
-1.84824375446166
-2.4170232503651867
-0.5721098261858
-1.8718686092868775
-1.300627179799563
-2.123474072572045
-2.8171335817164413
-0.7090239979802052
-0.3850958161004806
-1.0425234086182846
-0.13678988230924172
0.4141025886974743
0.575263390088099
-0.016634966385868564
0.4749802125603921
0.43920664120295666
-1.5049916496373923
-0.5051350533082872
-0.1272996935530943
-0.3567322197519589
-0.7315683917012158
-2.3131372568670443
-2.517816858439759
-1.9300380111391386
-1.1766885224837615
-0.9355688822955605
-0.3525380544206251
-0.6343641311475466
-2.316140960367157
-1.3871901923973515
-0.32608880664717654
-0.052575166514450405
0.1420282688724117
0.4851301102725383
-0.07151445955619877
-1.1943315246415878
-0.9584963272572444
0.132147691345479
0.5977416551048276
0.30926050172455316
0.39961966160496515
-0.1406251466645748
0.26096290960228113
0.18934440824108856
0.06785872954784976
-0.18921866601083634
-0.49120446067724904
-1.7704375825897136
-2.1336913309243597
-2.559546384973592
-2.506207097995576
-1.2599765021308058
-0.9088243309076244
-1.8113920342853131
-2.1524217824557788
-1.2447380115421016
-1.949406490318193
-2.192130058748135
-1.9186375373439029
-2.3521851950736123
-1.8650230454351624
-0.11313453220448498
-0.9978807114108851
-0.4842377062684854
-0.29502458303301515
-1.0041682773725678
0.41715767412769533
0.14376681151095494
0.4015906206291841
1.0391093300666692
1.0369499474956287
0.44785056203160334
-0.30561579349103296
-1.2130512161750318
-0.37215883235682035
0.19081841158538695
0.38586688109794504
0.24401828706126552
-0.24317914870784577
-1.1266931150746229
-2.325618790203668
-0.8139889480591143
-0.9925736185141812
-1.0878590922947282
-0.6355306011645733
-1.9340803493801983
-2.583820757414539
-2.8380817376905076
-1.6372705584027754
-1.1178168147208372
-0.8486062539942636
-2.2533018471942774
-1.5002718639844905
-2.225638665127333
-1.9282798558858438
-2.127039492496626
-1.1171488770845448
-1.3966544043294504
-1.6440328680276122
-1.5294094532635396
-2.0698872377173005
-0.762088985415608
0.023103247815571867
0.3425818701102247
0.33803619836906007
0.30061740549039556
0.35649832401356324
0.380452712791976
0.20159379194512345
0.25507143702788865
-0.7852775239269495
-2.9352517882007545
-1.2740412289422092
-0.41981580065270996
-0.8541126989358245
-0.6848985550036042
-0.7568417745152165
-0.3178940308910051
-0.5273169549662309
-1.1334212980188685
-1.3645440721545363
-2.0787984793134706
-2.642412182522018
-2.600415878215193
-1.9886953424877718
-0.7696881856509827
-0.5490247941887241
0.1912494967020476
0.1665993077899585
0.08595098333037095
0.35031222375047727
-0.4565290936328094
-0.12644224311295627
-0.16066612077067674
0.6211939416404805
0.18746061594247368
0.664554112337374
-0.006866553664188342
0.5551438706480265
0.6232156262509123
0.06495487313244758
0.41892527126670454
0.4714336364978525
0.6430360923235927
-0.3765736834342832
-0.013187333004191929
0.26598051676070983
0.4479526203080313
0.5134203218843039
0.43525836454871714
0.2955058791461579
-0.22614374103168297
-0.49812326840765186
-0.24735433348583868
-0.16703873116317375
-0.10335957897622347
0.49956208132787283
0.569670892891374
-0.25654852442597353
-0.5390392957298433
-2.140881798340432
-0.06544349086260377
-0.23895775619271903
0.44622446585050124
0.2682266206247128
0.3601100360877299
-0.8185752347107745
-0.9527052788066578
-0.9546479180139856
-0.1405410999729107
-0.36302235968556384
0.003952634393423345
0.1939114170918424
0.4493900487799016
0.5511516901284703
0.42629973426775075
0.3708663811766264
0.2576691270993618
0.3594729566510321
0.11411092588887882
0.5062860694830639
0.411458020863197
0.5438270941646389
0.4247360719236922
-0.16600455850487697
0.45619290039297317
0.5404106846140038
0.34041129045414814
0.22008432125811098
0.03491985493159653
0.5617066835171544
-0.21888177561375471
0.13316688944671648
0.40509101453629487
0.22312720806002967
-0.8408288674219906
-0.3980396240660429
-0.25187972779228496
0.014647666569348404
0.18630876191839915
0.03687320909341678
0.005794451501760479
0.10073619924381542
0.05105200558265898
-0.44232862729294287
-0.5595270427027564
-0.37882486622466627
-1.2539079209503958
-0.23415871154584852
0.5888178526543865
0.49081034643519833
0.011522320501869328
-0.7702860422648066
-1.2958122178331528
-0.5252934093257864
-0.07920910162691788
0.16354636340844828
-0.1589620373742424
0.23651166463103374
-0.492685716491686
-2.172510737959127
-1.6490443616136694
-0.9521348729485781
0.06369376978660485
0.13856248754054853
0.6339316169159873
0.12877677496552167
-0.23013309759078676
-0.21232442613717478
0.13981430398222985
0.3053658535133706
0.23990381556747373
-0.592211343663378
-1.0981495503893863
-0.27854989836466737
-0.2565724463177721
0.28464466546066786
0.15478107133762595
-0.23394580275880444
-0.008919140249254184
-0.35076904089997535
-2.116327853314684
-2.283520286923438
-1.76753558421656
-0.11590725473455687
0.06963649966034272
-0.2954798482044609
0.3303069371757994
0.45882684558084924
0.5698995975792399
0.26220605235323574
-0.42453539982877636
-0.5915214732075188
-0.2055018299907319
-0.6561405106137675
-2.3388630044154755
-1.1729574893185553
-1.2344218731100571
-0.757971550323174
-1.895358458586378
-2.5197791192723704
-1.783330503651265
-2.2014464022889095
-2.554107017764829
-1.3041641071236898
-0.2950213806019591
0.20714075614232003
0.2223197290364019
0.5065793056545278
0.41681050240542267
0.33084214529428774
-0.8035079903149966
-0.8694560657104444
-0.020714692186527557
0.17191057795416698
-0.32193797260064716
-1.733242046264015
-1.1271960874129219
-0.1687706369194715
0.18055790928021948
0.5791776956563031
0.4456191348748046
0.3187743064538237
0.5961931519550614
0.8228972303010892
0.9890085612727273
0.8864984135905287
0.3824216263421735
0.6544377592319403
0.8141563417302079
0.9850858005698208
0.10373107392219869
0.34987760647919053
0.5073288367013352
0.5822391208423732
0.48908160957717345
0.32932156813556973
0.25449708596180065
0.5204058890813327
0.534696039456547
0.21531715042360242
0.6788771884148105
-0.03155625174728129
0.39179305993000735
0.27145822674071124
0.00923589398242233
0.3990581835645154
0.7217319481038414
0.6044403324892299
0.2043916690213785
-0.4342364848565476
0.012900176974451491
-0.6363270915874262
-2.2800090009396916
-2.5307044782118333
-0.8421759929883628
-1.2198191667916092
-2.428263686260042
-2.640659341051455
-1.0500516496307801
-0.12070967234617162
-0.40750934193208166
0.140931581339556
0.43201267784385566
0.3837923395505077
0.3117389327330042
-0.8285292408997788
-0.9987183279709073
-0.15668766518439103
0.06218384874724119
-0.20156528459762701
0.027087946467635914
-0.45097572079818915
0.190567270746322
0.21354615809611016
-0.5760643995452098
-1.7077553628550814
-0.8767530193318183
0.4294787036964089
0.11441846277812147
0.27087530359343853
0.34602056120594904
0.8182380479931808
0.2964087120166745
-1.3221784644652081
-0.42314274490994064
0.035131597751582574
-1.4071180714179714
-0.33482419139495984
0.23059092572556825
-0.04040177820730454
0.2924776338776901
0.06819531973786182
0.16383849348645116
0.29889390986847164
0.27417163379226445
0.18133752575728349
0.1545162194067466
0.43855781716419506
0.04446806602779798
0.26419698909803363
-0.10709668447771212
0.1711755835423536
0.25288397832736254
-1.5828826406581424
-2.6097736356204715
-2.4168088081183434
-1.1714241810713357
-1.2756960443741112
-0.144197757238797
-0.2086192527430037
0.27215928987620785
0.08158174028201512
0.20825077106813975
0.07114506259683864
0.17657954748106208
0.11639634864244768
0.14596957908090544
-0.9158892788010283
-0.36605683030766106
-0.33597687187219816
-1.4672067057802611
-2.026067216525447
-0.9019446663241671
-0.2511492380652572
-0.7568515865395601
-0.5560913303257972
-1.922181184808809
-2.4080768035532376
-1.3539051787851766
-0.22450509572002508
-0.31645334177317325
0.023343710881130623
-0.3566995710500912
-0.24686902136586197
-0.1400685007995372
0.2045217251204057
0.2506817428988053
0.3482154665117908
-0.9225190432319542
-0.08997342765455858
0.3713546735499161
0.36387502035662217
0.4605111653332529
0.01836809102456211
-0.16949248246888354
-0.32172630333359925
-0.6786575150825345
-0.37719676671833463
-0.26302357564029094
-0.46095240978327645
-0.6675550427787317
-0.20977681387070063
-0.14031125494101143
0.32253918729434217
0.7436692608184324
0.7807172644669348
0.7506983421905251
0.53759656956523
0.7540234571408434
0.6639321341575338
0.2860351738354416
0.07957771814209372
-0.02790002335984505
-0.6692433850671077
0.1471761079814587
0.20033635904670008
0.3197157841763408
0.6312185609495746
0.530367747508759
-1.335938742194998
-1.6608972839863054
0.08476535050867161
-1.160436699930577
-1.0782182501753086
-0.7099901662703041
-1.068735582005659
-0.8825110690766688
-0.214121629393974
-0.08630602026205944
-0.15082918340482138
-0.4664171808094771
-0.6978019136909563
-0.31391682380338154
-1.6648932337450522
-2.3638517974605433
-1.2566468162931277
-0.42546025021577105
0.31967002832754987
0.1131495369402481
0.38025177409420485
0.4069880404365567
0.5298972928712241
0.45324689065985735
-0.14068569162590566
-1.0819069287800698
-0.17261105568669782
0.3938837892104108
0.34680959533278244
0.18920867441092676
-0.7562019571487513
-0.2789824555126465
-0.24057473468890017
0.3643882731195355
0.4567825331080612
0.2506820704248244
0.4395452767344755
0.399578111356775
0.3795692051881556
0.015045767878530144
-0.41399389168468465
-0.31372531782608676
-0.37714026017305863
-0.11441723009075154
0.1935105283498634
0.3813164462543571
0.07800640752830157
0.334960744348695
0.8232729057268134
1.0478924812934156
0.7460849048803592
0.9429609702346218
1.039706008202077
-0.28265278691374807
0.6448467374719545
0.5033213513156082
0.6042371207214228
0.3741284935520096
0.08653971425407349
0.41390383657692786
0.10400204508426966
-0.2786189232974605
-0.3762168412489568
0.0007233216855005857
-2.620623742131792
-1.811733064678762
-0.2880292742024908
-0.23998589781069057
0.3023391647998902
0.2849368659102796
0.5628529702145514
-1.0718507179920613
-2.4262090154126112
-0.8990694899051495
-1.647233008191524
-1.8068650151249597
-0.6639135404413843
0.32997222946782373
0.5116100989289617
0.340279805404154
0.2619385149466975
-0.5837024824719369
-0.07005116505617291
0.2463187923635258
0.3375901068836509
0.056965478228274156
0.600463805884629
0.6827077294455083
0.39286734292337105
-0.26711353222983036
0.20331693286048502
-0.9629263429608625
0.10376980788584182
0.29659144724043474
-0.013078723396136551
-0.5718182763336848
0.34350357732360365
0.40057182610596004
0.19763885629274167
-0.6197429282474842
-1.13300458392995
0.5868438277969967
0.840220941508323
-0.24244073098150468
-0.4300254174379385
0.07899074846534979
0.5070098913745941
0.6570114545236022
0.5869729584076582
-0.5185079754404366
-0.2481682015680677
-0.26989517473747043
-0.2987841635811701
-1.594761380379375
-0.4926077704358273
-0.4567492153522088
0.19811813081608853
-0.02271349551754631
-0.5237188258459944
-0.9521069149488104
-0.16165999760782665
0.6019539584888364
0.5341312857137347
0.49057477562300655
0.8355834798037665
1.1688772256947444
-0.27896514726236377
0.23782625641741334
-0.3053902385054328
0.23210378924938838
-0.3874960663831272
0.8592231333944353
0.7058333061144197
-0.39996111172190985
0.24737478223762782
0.3132149174171862
0.08924851828669628
0.3049563924076773
-0.4722732170362418
0.7434688688915746
1.20961600894571
0.18666410529585814
-0.641858289501328
-0.8343739287296001
-0.9951545881985165
-0.6551856468323515
-0.6086694640457531
0.2361184533329239
0.0755975774949146
0.32880205328936674
0.20152542376818944
0.03479186758811577
-0.4275239190249647
0.3463252705179435
0.17917664955366785
-0.3747321779388467
0.3630318030451439
-0.003406829312419133
0.5544885924834267
0.018503195767942425
0.7016116536505492
-0.5363080929819544
-0.4910848068695042
0.24200811634378108
0.15237156180485226
0.1575115556843204
-0.28124690435593724
-0.3412277946020817
-0.04780496435931415
0.4903628515258943
0.3403066128444695
0.6696815044097583
0.6537287196222173
0.4445288476968746
0.714788808547673
0.8601347682237247
1.0567563806194202
0.6048454992674677
0.877531471888406
-0.7415275097182702
0.004207309089105434
-0.4345476674766472
-0.16202246326442044
0.39764077260684727
0.5661728184732094
-0.1729629396461047
-0.6191791339654886
-1.4143019964496926
-0.5075114871937152
0.14182442914931984
-0.06416586834931046
0.2763411800786048
0.5036630176014296
-0.060477743360717366
-0.09125754422630245
0.1476350404532132
0.33210242768991455
-0.027356692623235927
0.49194658284167997
0.44828230920866663
0.9840649891282935
0.9798472413495466
0.9558950815371555
0.9882364632741004
-0.08796116318574837
-0.42583107865077113
-0.42166446206006397
-0.05002184114793759
-0.38077801508608794
0.3567488016362207
0.5829390288935694
1.0273536403406462
1.2679604704115717
1.1776406070008976
1.1042522554225207
0.6348436543904278
0.9970751987114204
0.8956694086286646
0.7394698393710175
0.5679268809208385
0.5834261951953996
0.33216393087727847
0.43308942572889303
0.5613157270146145
-0.48805189276866756
-0.12477066865366758
0.17584272339941956
-0.45550194208734623
-0.3840564752920332
-0.649759953204668
-0.163533307248414
-0.7942816556247919
-0.2097024936949192
0.03375679032833502
0.24613396165240753
0.20435051609050933
-0.15139972625912007
-0.050409289546756976
0.02551045242673355
-0.49398177913759556
-1.243155973834304
-1.782048226968846
-1.2092892318096473
-1.0590751382357109
-0.4490258553499678
-0.2769874888228413
-0.41488175925331944
-0.3386519032802997
-0.33081186576369886
-0.28300287194584045
0.02431090054804414
0.12098862950256417
0.26815211612893786
0.0004903956082794634
0.05069751792305166
-0.07138298263575238
-0.2540858516069036
-0.23545736359881586
-0.6094190101641022
0.2924489554502804
0.49516852111145576
0.3544614729773519
0.4895187760167732
0.5566467521753388
0.21523173216911637
0.365523322360835
0.3693901361237585
0.6230125023301046
0.7243721905754003
0.6514495397715832
0.5025137148677826
0.46019428756395303
0.292641791706456
-0.33814348052398224
-0.3087714214644515
0.06124938169114844
-0.4623838970003919
-0.1206491423045853
-0.0698855075716331
-1.2834691710341704
-1.1276456686317478
-1.9222532206070002
-2.150262267303524
-2.116551739681201
-2.4974846848302104
-2.0988111058158365
-0.6597656815328576
0.004418064528328474
0.2617766046110479
0.2824083643734637
0.2369121170912805
0.25907715112388124
0.5703305705757176
0.6766877646168041
0.4383795479211207
0.47042518854661414
0.4727159580566887
0.08937250373132125
0.35227748256712055
-0.09475326009032142
-0.0035094018179653106
0.4245776176668043
0.37505541421982913
0.30755702824674347
-0.5242583511577524
-0.17194871553688681
-0.0330242131057607
0.49301732861923137
0.48162913662004636
0.42403713273549176
0.5957001445171443
0.4491871862604879
0.36348037163031494
0.6928014545623913
0.43687190180945124
0.18682305204031727
0.10548760254641495
0.29177876368074296
-0.5432601901889104
0.04031186180817035
-0.20776896170003237
-0.039866468394193416
-0.48470441494143246
-0.5603670783772804
-0.2956854794166852
-0.8865011069045096
-0.40556022182751256
-1.3147792367642648
-1.873490452662546
-1.4048498581666553
-2.027242102308665
-1.633293624282555
-1.5192257373719906
-2.3364988191765526
-2.328139892918079
-2.368201360103573
-2.690661020032101
-1.8605914113895374
-0.8505413697135789
0.08963588310009087
-1.545090867142543
-0.577608698858505
-1.6562607417627067
-1.9183652065301806
-0.6575396166307387
-2.2779106720478843
-1.3015914397278812
-0.8415947179713021
-0.05684771515323071
-0.4383219705034451
-1.0049893191441652
-0.868008712627459
-1.346381054163855
-1.5252989757744482
-1.2969159793317313
-0.9082893417525519
-0.9885320138392237
-0.41876743768422103
-0.040134666404783914
-0.07510783196259269
-0.2284083752464969
0.08422216353408409
0.5137210234055651
0.4791776645474558
0.12180712458048636
0.09155234250476216
-0.024483647055895195
-0.20928103080416405
0.08857205220359511
0.08108722352466713
-1.8430760719850783
-2.2508455306196575
-0.9980781778087215
-0.21577748015718134
-0.5814374645443695
-0.45125391222692257
0.2885781134304694
0.22986976742910312
0.4041434296951359
0.5944177994386816
0.566261143743513
-0.8064493998772079
-1.485069596426784
-0.467880489320501
0.02583543508898073
-0.9195751537683376
-1.0971225751220615
-1.2334445712499769
-2.286489770853038
-2.206983929952442
-1.3236261613320162
-1.0859670043977498
-1.1109959934865963
-0.747709568141595
-0.47721330407232276
-0.09351534898465176
0.38267360741512346
-0.5836740173745754
-0.6740968110376138
-1.3172459423979799
-0.8070687981376499
-1.052580499951933
0.20859284909969006
-0.017255238914183194
-0.5190515486995351
0.3138224149846896
-0.9732945930784586
-0.20756550776659108
0.5037869200928237
-0.8299856677493583
-0.9785403325542545
-0.8017307380837921
-0.15775520759011483
-0.70340323236558
-2.0407112680003348
-1.0237435795314418
-0.4500413944496155
-0.7235622684533891
-0.7349348834415673
-0.4038674744507574
-1.2552676870465065
-1.8573731525454988
-2.5520143162610105
-0.3773933403803228
0.06532364969685889
0.5090916360517705
0.9246472964236288
0.3116185830336906
-1.2332354459622572
-2.146545281979747
-2.418107250598879
-2.8648980193205884
-1.2580066388349262
-1.5225983901769842
-0.9862131008915719
-1.2818479708453647
-0.7383553670684981
-1.694859373988367
-0.9320364889912048
-1.7780170320642223
-1.2948395245156141
-0.05993009429791548
0.28440820463333794
-0.07826032496329247
-0.32830966321361205
0.15144797044364441
-0.8491757885683223
-0.2826027921972479
0.04155308152524757
-0.6326606417414453
-0.974594247651326
-1.3537970928427407
-2.453961077378778
-2.3835266917124693
-2.1808548491632043
-2.153223979544679
-1.8317604219653798
-0.8705310328732974
-0.7638315157755775
-0.5339348599793453
-0.8131248189113278
-0.6132444262393767
0.11310425725696469
0.3218757024370981
-0.9724160376507778
-1.5389654035216027
-1.8150527410231598
-2.1547286582245664
-1.1861973392056884
-1.3403441492809702
-1.9487816987819007
-1.5364401520810391
-2.0588401723186593
-2.3184082175988023
-2.3050323988038994
-1.7838203141738127
-1.3996575199708803
-1.6259373326861415
-2.162896779652765
-1.9353796876562053
-1.3277478560028484
-0.6733777044953382
-0.509339044502655
-0.9044229395043847
-1.716707640880386
-0.275283197127331
0.04111464083472883
0.15506992469907144
0.27997077372169
-0.0311244191892424
0.24218321415853525
0.6430573341402115
-0.11151834588682116
0.3147758151263034
0.9032945166317939
0.6312637667109373
1.0744492730255943
1.5057870561921662
1.4869441649851711
0.8877067269372775
0.9311774363998019
-0.2417522792834073
0.2724558702277712
-0.5635463594893645
0.42797046659153926
-0.1307558118436468
0.0037633410097524596
0.3886369421618348
0.9248683732337922
0.6320442175736026
0.1464931134264065
-0.06356580509504368
-0.8494794783442605
-0.25404049297754877
0.5804466997084659
0.08153344846418484
0.300648443252151
-0.06837611175015103
0.3684583853983657
0.7935930938529154
0.7130299960815956
0.7423773212351545
0.8052331443998891
0.7679785799201907
0.8441335859419994
0.5022579059253749
0.844168140293511
0.847374619504361
0.8012501122608295
-0.8066268045358687
-1.4281821471378324
-1.7466338168886728
-0.6440764694271528
-1.0251257556012359
-0.49116643121925385
0.29665805497667963
0.5026196425050263
0.6051145250013027
0.6343551323836659
0.4881081836356671
1.2774861656468977
1.0614000596879996
0.4937459174197111
1.1898373986085544
0.7494769258285547
0.7580055105389265
0.8978659779671936
1.398419182343915
1.0879093280975882
0.6818293481197035
0.9104640356363435
-0.1749953746643739
0.3308918603389079
0.6809671659058811
0.8895785160037074
0.6614189167522336
0.5874420837332288
0.27576428899570443
0.32309281757096486
0.3532623407724133
0.5028560067553417
0.42422861563302694
0.9847043865965333
1.1820091325247255
-0.22931020570386534
0.7327807396799423
-1.213124898948994
-0.3175319868836251
0.5660729673549023
0.9677591874474899
0.8876834329230274
1.2408670487851092
1.0944086113172675
0.0782839216591617
0.525413860138238
1.47422385399603
1.599927651576812
0.8529983466493959
-0.06695217477333876
-0.8001934592394468
-1.9936513891505876
-2.051716281029046
-0.3921709852278373
0.7338955891372615
0.872458123381968
-0.9917887788936329
-2.2657631311456394
-1.8105617692073717
-0.5043360221408398
-0.3514843091855762
-0.444335114562501
-0.20757248722847466
-0.32230929257654406
0.10722126219167405
0.6750046530650942
0.6026811268617639
0.7607853048350319
0.6650896472192219
0.6647241911059096
0.896234681507331
0.5705509365305576
0.7777118426171847
1.1276843651376864
1.096852092821073
1.2093883863885138
1.5216265363358557
1.588185963978906
1.3871753730673788
0.08558728254187677
0.09656337412721593
0.3673286545575189
-1.1353066936450826
-1.9547319802585696
-2.434542277395003
-2.893817134135297
-0.8414697785763923
0.5951955167844954
0.9322309276071358
1.004110938015905
1.033510183488591
0.929312268764261
1.0667036374648309
1.0515813637255171
1.0366286956485495
1.0486571140293344
0.8540741104267024
0.30425141726151633
-0.03641403157903164
-1.1335864631407524
-1.9687979549466228
-1.9775162897022722
-1.9757881863413929
-1.1532807707387753
-0.7822178200962333
-0.7400946271091755
-2.0269215546086126
-1.012949874845779
0.08316533909205572
0.6120060507207395
0.9701352912846589
0.7886161250128355
0.30599529305327766
0.3701009821779067
0.14486804511411513
-0.08598010063909775
0.18148121894751718
0.6861261788072692
0.6764128691399188
0.6964980401801193
0.22739479589458175
-0.5977941485635895
0.7027516333607889
0.980502134628148
1.154101333527997
1.4046609000476804
1.5949235317927941
1.5734859386204096
1.5682874370735629
1.4606371046036937
1.6672042678215355
1.64966091442051
1.6837111546625982
1.4734960034625575
1.825317997471136
1.5330448143259932
1.753463994937513
1.7512202399037637
1.828559180401731
1.611240848243563
1.6023064113524128
1.6289808803444787
1.7897137560333585
1.3500996878068687
1.851709526708062
1.6212136606428862
1.3993528155302317
1.4748097405155673
1.5504483230219372
1.8179845703261708
1.8386675290281815
1.713540505536878
1.5273581301187167
1.862774579355712
1.405525215509148
0.8867958137880935
-0.30284558044157206
-2.0312612773793357
-2.4191601722752565
-2.0994215411186943
-2.5588772200991485
0.5395653386863539
1.0771583117661943
0.6814305384959864
0.5708832608450819
0.7551953000733032
0.9191370754039777
0.8124059754115163
1.0006995682997886
0.18409218338267838
0.24862933372029372
0.09199099270933431
0.15683536134762213
0.5502656827020489
-0.2515389244861639
-0.438839818139526
0.1319514752700852
0.66638866471263
0.884246600114754
0.26243915679174024
0.6184576869626536
0.5255398242528083
0.8347416832325617
1.0448580036994042
1.2606073495565604
1.4257931881095776
0.5048558304478696
1.0774317282898012
1.4891074705806115
1.4465162003017018
1.3168318000040626
0.8633673639882402
0.8541164321443795
1.0442409651765447
1.031549832168022
1.1368497410487015
1.045428864915795
1.3959716892744656
1.319536657774427
1.2454898325277448
1.3206746238337355
0.5664984244997368
0.7820834234551728
1.1757213334097854
-1.9145058511416
-1.2945850639693397
-1.143113839466816
0.08365704767234661
-0.8812887217627783
0.42588251303984964
0.4840471917705955
0.26927192570667596
0.9440013502298837
1.012955480775688
1.1246674184237118
1.4593692094184267
1.4695873518821765
1.1696109149119953
0.6232590855572904
0.536340122610154
-1.0126991842073743
-1.8077192399871653
-2.314028844382129
-2.0501550099782797
0.4796276598662034
-2.088304436634215
-2.0373425793681696
-0.553604703910495
-0.42224095698371167
-1.4683439051132356
-2.6131598845021284
-1.8612679985980096
-0.683982721261814
-0.27854535320578083
0.25677777713624905
0.11985754352095028
-0.09372331143442458
-0.6740424640026983
-0.6020236487175943
0.024318398505031587
0.4597998676737434
0.8202521702019713
0.9629649631160283
1.0291734799573586
1.0571257216294931
0.9323180012831481
1.0021349477291852
0.3182710410000594
0.6157863908251547
-0.26487167385915883
0.4175311278367827
0.5681021782925832
0.36172444624080763
0.6407214828956911
0.8877432555991458
0.8491906376731637
0.3099267616349098
1.0923053488662418
0.866603179617849
0.7783614235520396
0.2539771004635794
0.3821819527058991
0.25869162041703364
0.32490452709210116
0.31258796209161505
-1.3346023666867306
-0.9733427104259913
-1.916224980648733
-2.223934483482526
-1.2189129995355685
-0.802899799199879
-0.6179096951752302
-2.3310120270482346
-0.8034817536784947
-1.001905952690149
-2.2766586758772944
-0.08865109131350601
0.1816159646314905
-0.25822597507076184
-0.16354727273474026
-0.7453972276461863
-0.6096135309383752
0.3349143832990057
-0.799170698203115
-1.2740582655547485
-2.091669723279549
-1.4360858708859219
-1.8445446223171194
-0.20340248077509843
-2.4008707488407683
-0.6196676916228765
-1.8925404670062886
-1.7407228713957348
0.28495556247955056
1.2053513964031146
1.3548325137622919
1.50754154385553
1.3086660260299356
0.7658325372066558
-0.3155345814653331
-1.1028533317945888
-0.46572329450269667
0.5234089757941264
0.8106103988497473
0.9804123771804701
-1.5981958474604914
-0.09820063308185417
0.6835610881748734
0.7766185249543681
1.056171077397536
1.2061276271074193
1.1208994991518935
1.349600942599617
1.021413771466735
1.3102296555738517
0.8944836996093086
0.7482921313141114
0.8120405958549317
0.8441906028852614
-0.4876598557426334
-0.26216763740015375
0.5668977212316713
1.0647240806907707
0.4549564853976303
-0.7152168370196297
-2.6264373821013387
-0.49996372064633005
0.4376628639833406
-0.47840585781592976
1.038890212301514
1.1982635643031163
0.7523130061997386
0.13505052286033317
0.03324147209648512
0.023754711258510173
-0.5919635120875544
0.3407891934801079
0.8080276526490384
1.0453883826332975
0.6269368366906596
0.6230027623571255
0.6943560992821496
0.8675876501108947
0.4539469034518402
-0.8992908367034705
-0.4048720757101423
-1.4257648742212958
-2.3316622657305905
-2.4850332332169818
-0.5225792259483684
-2.267843854390977
-0.288845320463439
0.6193624386779955
1.075818596946557
0.9163503699119387
0.49859790608325316
0.6048542971080553
-0.22941063182424234
0.6244875084449636
0.650105884432891
0.5064223383004922
-0.8905699022394129
-0.38272151914292524
0.325950863042448
0.1078590163727224
-2.347984107318317
-0.32248937622356355
-1.6759719551336725
-0.26903973938621245
0.46891125045988624
1.253469069285622
1.196944238034316
0.8322004766001155
-1.5091458499303272
-0.5373728735842441
0.7245306195923991
0.10246835900934494
-1.8817515705258767
0.02812565354944703
-0.5800591043697348
-1.2653102800663547
0.3001550557146908
0.37269673662453895
-1.8449226627287323
-1.7670261529575282
-2.556054230572323
-2.0779649858244023
-0.6790437634441251
-0.8667906265809858
-0.3579631528212356
-0.4058895441908685
-0.29217156065842265
-0.1431903736351535
-0.278487036926925
0.12186327121366412
-0.21818557933370403
0.6457969605368631
0.38162146560330124
0.7314637700638313
0.5737561309880524
0.3141887461746537
-0.489583256658885
0.37808100010554124
-0.47012218108790077
-1.5631354604739869
-0.09487958903802006
-0.3644946106182968
-0.37771427317371825
0.07485109762964687
-0.7352934257913427
-0.3170230428035292
0.4109909073236577
0.9111224269142564
0.9770299181618458
0.9976603525372955
0.9655996947274661
0.926304917387476
0.20021547752924268
0.07606173519212277
0.16365643987169728
-0.36302626736250454
-0.1169559109942271
0.2797718363979032
0.5128756080553211
0.30196671113633783
-0.40602086414730576
-0.10124915304104941
-2.0223493093899143
-2.9189897017497732
-2.59834168402356
-2.7877390029992095
-2.536811030237548
